## function y = s1173(x)
## y(1)=x(1)*(x(5)+x(6)+x(7))-(exp(1)*0.2)
## y(2)=x(2)*(x(7))-(exp(1)*0.3)
## y(3)=x(3)*(x(5)+x(6)+x(7))-(exp(1)*0.4)
## y(4)=x(4)*(x(5)+x(7))-(exp(1)*0.1)
## y(5)=x(12)*(x(8)+x(9)+x(11))-(exp(2)*0.4)
## y(6)=x(13)*(x(8)+x(10))-(exp(2)*0.5)
## y(7)=x(14)*(x(8)+x(9)+x(10)+x(11))-(exp(2)*0.1)
## endfunction

bh1=(158/525);
bh2=(3/100);
bh3=(316/525);
bh4=(47/700);
bh=[bh1;bh2;bh3;bh4]

m11=exp(-2)*(x(5)*x(1));
m13=exp(-2)*(x(5)*x(3));
m14=exp(-2)*(x(5)*x(4));
m21=exp(-2)*(x(6)*x(1));
m23=exp(-2)*(x(6)*x(3));
m31=exp(-2)*(x(7)*x(1));
m32=exp(-2)*(x(7)*x(2));
m33=exp(-2)*(x(7)*x(3));
m34=exp(-2)*(x(7)*x(4));
aa1=m11+m13+m14;
aa2=m21+m23;
aa3=m31+m32+m33+m34;
bb1=m11+m21+m31;
bb2=m32;
bb3=m13+m23+m33;
bb4=m14+m34;
one=aa1+aa2+aa3;
M=[m11,0,m13,m14,aa1;m21,0,m23,0,aa2;m31,m32,m33,m34,aa3;bb1,bb2,bb3,bb4,one]

## Solution 2

## x =

##    0.27698
##    0.52592
##    0.55278
##    0.13833
##    3.13670
##    4.43804
##    0.48371

## M =

##    0.11758   0.00000   0.23466   0.05872   0.41096
##    0.16636   0.00000   0.33201   0.00000   0.49837
##    0.01813   0.03443   0.03619   0.00906   0.09780
##    0.30207   0.03443   0.60286   0.06778   1.00713

## Solution 1

## x =

##    1.643369
##    2.642319
##    3.227910
##    0.896019
##    0.559035
##    0.748390
##    0.083942

## M =

##    0.12433   0.00000   0.24421   0.06779   0.43634
##    0.16645   0.00000   0.32693   0.00000   0.49338
##    0.01867   0.03002   0.03667   0.01018   0.09554
##    0.30945   0.03002   0.60782   0.07797   1.02525

## bh =

##    0.300952
##    0.030000
##    0.601905
##    0.067143
