d11=.4;
d12=.0;
d13=.2;
d21=.6;
d22=.75;
d23=.3;
d31=.0;
d32=.0;
d33=.4;
d41=.0;
d42=.25;
d43=.1;

theta1=.7*d11+.2*d12+.1*d13;
theta2=.7*d21+.2*d22+.1*d23;
theta3=.7*d31+.2*d32+.1*d33;
theta4=.7*d41+.2*d42+.1*d43;
x=[theta1;theta2;theta3;theta4];
x
