A=[.71,1;4.16,1]
B=[1.4;1.8]
